0 1027684
1 81575
2 28060
3 17483
4 12592
5 9987
6 8039
7 6788
8 5866
9 5127
10 4583
11 4103
12 3769
13 3501
14 3149
15 2931
16 2667
17 2647
18 2348
19 2355
20 2104
21 1991
22 1963
23 1818
24 1783
25 1666
26 1599
27 1585
28 1516
29 1355
30 1402
31 1318
32 1304
33 1206
34 1232
35 1101
36 1081
37 1078
38 1121
39 986
40 982
41 981
42 936
43 947
44 872
45 893
46 959
47 823
48 816
49 813
50 798
51 720
52 733
53 733
54 715
55 676
56 687
57 688
58 675
59 589
60 663
61 621
62 624
63 605
64 617
65 563
66 558
67 563
68 535
69 576
70 541
71 542
72 528
73 507
74 520
75 489
76 495
77 506
78 496
79 457
80 475
81 500
82 430
83 454
84 448
85 427
86 419
87 422
88 406
89 400
90 434
91 381
92 406
93 404
94 403
95 358
96 376
97 379
98 409
99 378
100 387
101 363
102 373
103 338
104 337
105 345
106 324
107 386
108 327
109 321
110 329
111 293
112 294
113 336
114 313
115 300
116 316
117 305
118 284
119 313
120 290
121 278
122 270
123 248
124 251
125 289
126 284
127 289
128 287
129 290
130 268
131 257
132 270
133 293
134 217
135 242
136 238
137 276
138 240
139 226
140 248
141 258
142 255
143 242
144 278
145 238
146 223
147 264
148 218
149 232
150 217
151 226
152 258
153 231
154 241
155 241
156 238
157 236
158 206
159 221
160 206
161 209
162 190
163 206
164 185
165 198
166 199
167 169
168 217
169 193
170 192
171 193
172 196
173 202
174 210
175 213
176 187
177 200
178 195
179 196
180 169
181 211
182 192
183 204
184 196
185 182
186 174
187 186
188 171
189 200
190 173
191 143
192 170
193 170
194 160
195 170
196 164
197 145
198 157
199 170
200 177
201 171
202 148
203 171
204 160
205 162
206 160
207 169
208 156
209 172
210 156
211 151
212 168
213 158
214 161
215 136
216 164
217 157
218 136
219 124
220 128
221 125
222 147
223 155
224 142
225 154
226 132
227 126
228 154
229 148
230 136
231 136
232 129
233 149
234 149
235 161
236 140
237 140
238 137
239 129
240 148
241 150
242 147
243 128
244 139
245 138
246 127
247 105
248 128
249 123
250 128
251 93
252 130
253 129
254 129
255 108
256 143
257 124
258 105
259 120
260 106
261 123
262 92
263 116
264 127
265 120
266 101
267 95
268 113
269 114
270 114
271 80
272 102
273 111
274 99
275 100
276 111
277 110
278 119
279 120
280 121
281 99
282 102
283 113
284 132
285 112
286 119
287 91
288 114
289 93
290 104
291 91
292 87
293 104
294 95
295 104
296 114
297 105
298 92
299 113
300 88
301 78
302 109
303 89
304 108
305 90
306 89
307 86
308 83
309 79
310 95
311 97
312 85
313 96
314 105
315 93
316 109
317 86
318 92
319 96
320 97
321 76
322 79
323 89
324 86
325 80
326 98
327 85
328 97
329 70
330 73
331 90
332 75
333 72
334 85
335 77
336 81
337 77
338 77
339 73
340 81
341 63
342 78
343 90
344 82
345 87
346 97
347 100
348 77
349 81
350 93
351 80
352 84
353 87
354 94
355 63
356 97
357 113
358 77
359 96
360 73
361 72
362 82
363 89
364 94
365 74
366 110
367 63
368 57
369 88
370 78
371 52
372 73
373 82
374 94
375 90
376 82
377 85
378 71
379 74
380 78
381 66
382 72
383 74
384 72
385 72
386 60
387 83
388 69
389 61
390 54
391 82
392 79
393 74
394 57
395 67
396 56
397 66
398 81
399 74
400 77
401 68
402 66
403 74
404 69
405 57
406 54
407 56
408 68
409 78
410 88
411 59
412 66
413 55
414 55
415 70
416 71
417 53
418 65
419 56
420 72
421 52
422 56
423 53
424 91
425 52
426 60
427 57
428 57
429 59
430 61
431 65
432 60
433 56
434 60
435 46
436 62
437 58
438 51
439 53
440 58
441 71
442 44
443 57
444 53
445 50
446 46
447 60
448 58
449 56
450 56
451 58
452 53
453 59
454 56
455 57
456 71
457 77
458 55
459 61
460 53
461 77
462 58
463 52
464 59
465 68
466 61
467 72
468 47
469 69
470 34
471 59
472 65
473 50
474 56
475 56
476 48
477 81
478 72
479 50
480 60
481 72
482 45
483 63
484 52
485 60
486 57
487 64
488 61
489 52
490 46
491 54
492 61
493 49
494 42
495 66
496 36
497 46
498 66
499 60
500 47
501 59
502 55
503 41
504 43
505 46
506 69
507 43
508 63
509 47
510 41
511 56
512 44
513 58
514 40
515 67
516 44
517 42
518 55
519 57
520 47
521 41
522 35
523 45
524 48
525 45
526 42
527 52
528 51
529 46
530 45
531 55
532 69
533 49
534 52
535 42
536 45
537 52
538 38
539 54
540 53
541 60
542 36
543 46
544 33
545 50
546 39
547 50
548 40
549 41
550 27
551 43
552 45
553 41
554 40
555 45
556 54
557 55
558 49
559 27
560 34
561 34
562 38
563 42
564 40
565 45
566 46
567 52
568 44
569 41
570 39
571 41
572 46
573 39
574 45
575 24
576 41
577 31
578 45
579 31
580 44
581 35
582 48
583 38
584 40
585 39
586 42
587 35
588 37
589 37
590 29
591 28
592 37
593 47
594 36
595 44
596 45
597 28
598 33
599 29
600 26
601 45
602 29
603 25
604 21
605 26
606 28
607 27
608 38
609 49
610 25
611 30
612 25
613 21
614 35
615 31
616 29
617 38
618 23
619 38
620 38
621 30
622 23
623 31
624 30
625 21
626 38
627 35
628 22
629 28
630 18
631 23
632 33
633 31
634 24
635 28
636 26
637 33
638 22
639 27
640 28
641 18
642 34
643 24
644 29
645 32
646 27
647 30
648 24
649 30
650 27
651 17
652 29
653 32
654 24
655 26
656 20
657 25
658 31
659 16
660 31
661 29
662 29
663 24
664 21
665 31
666 21
667 16
668 16
669 25
670 21
671 37
672 21
673 27
674 23
675 25
676 23
677 31
678 18
679 22
680 17
681 27
682 18
683 27
684 38
685 38
686 20
687 27
688 45
689 34
690 50
691 17
692 40
693 45
694 22
695 31
696 34
697 24
698 31
699 22
700 38
701 26
702 33
703 22
704 22
705 41
706 40
707 27
708 27
709 31
710 33
711 31
712 15
713 34
714 17
715 43
716 41
717 31
718 33
719 45
720 27
721 43
722 31
723 32
724 34
725 29
726 32
727 19
728 26
729 38
730 29
731 36
732 24
733 19
734 45
735 27
736 20
737 27
738 31
739 38
740 31
741 29
742 22
743 51
744 25
745 29
746 34
747 34
748 27
749 24
750 29
751 32
752 20
753 20
754 22
755 43
756 24
757 22
758 29
759 18
760 27
761 22
762 29
763 18
764 29
765 27
766 18
767 25
768 29
769 36
770 29
771 22
772 32
773 32
774 30
775 30
776 18
777 24
778 22
779 18
780 22
781 25
782 20
783 29
784 22
785 30
786 23
787 22
788 20
789 22
790 23
791 27
792 35
793 17
794 23
795 22
796 32
797 17
798 25
799 20
800 17
801 32
802 15
803 30
804 22
805 15
806 25
807 20
808 18
809 23
810 34
811 17
812 28
813 27
814 23
815 22
816 20
817 25
818 17
819 20
820 15
821 23
822 25
823 15
824 23
825 15
826 25
827 16
828 10
829 18
830 16
831 27
832 30
833 33
834 22
835 27
836 15
837 23
838 16
839 18
840 20
841 16
842 15
843 13
844 15
845 21
846 18
847 21
848 16
849 21
850 20
851 30
852 11
853 13
854 21
855 11
856 18
857 20
858 25
859 26
860 21
861 18
862 15
863 20
864 18
865 15
866 11
867 16
868 20
869 21
870 20
871 16
872 20
873 16
874 21
875 11
876 8
877 30
878 13
879 13
880 25
881 13
882 21
883 23
884 10
885 18
886 18
887 8
888 20
889 18
890 23
891 16
892 15
893 15
894 18
895 11
896 23
897 18
898 11
899 16
900 15
901 11
902 20
903 13
904 10
905 10
906 13
907 10
908 16
909 10
910 13
911 14
912 9
913 18
914 16
915 13
916 13
917 19
918 14
919 16
920 13
921 16
922 19
923 9
924 14
925 11
926 14
927 18
928 26
929 13
930 4
931 13
932 9
933 16
934 11
935 14
936 3
937 6
938 6
939 13
940 9
941 4
942 13
943 3
944 9
945 16
946 4
947 9
948 19
949 9
950 14
951 9
952 18
953 3
954 19
955 11
956 16
957 9
958 13
959 9
960 6
961 19
962 18
963 16
964 11
965 8
966 14
967 9
968 21
969 21
970 6
971 13
972 4
973 11
974 11
975 9
976 11
977 8
978 11
979 9
980 11
981 14
982 18
983 11
984 13
985 16
986 8
987 4
988 9
989 13
990 4
991 22
992 8
993 8
994 6
995 4
996 13
997 9
998 6
999 13
1000 9
1001 9
1002 16
1003 11
1004 8
1005 4
1006 9
1007 11
1008 8
1009 13
1010 13
1011 6
1012 11
1013 16
1014 16
1015 16
1016 3
1017 9
1018 13
1019 8
1020 16
1021 13
1022 6
1023 11
1024 19
1025 8
1026 14
1027 6
1028 1
1029 6
1030 8
1031 12
1032 4
1033 16
1034 9
1035 17
1036 8
1037 17
1038 12
1039 4
1040 3
1041 9
1042 6
1043 6
1044 11
1045 3
1046 3
1047 9
1048 6
1049 14
1050 12
1051 9
1052 12
1053 9
1054 6
1055 8
1056 3
1057 3
1058 6
1059 8
1060 4
1061 3
1062 11
1063 6
1064 4
1065 4
1066 6
1067 8
1068 1
1069 3
1070 8
1071 6
1072 9
1073 6
1074 8
1075 8
1076 14
1077 3
1078 16
1079 9
1080 11
1081 8
1082 4
1083 1
1084 6
1085 3
1086 4
1087 9
1088 6
1089 4
1090 6
1091 0
1092 9
1093 3
1094 9
1095 14
1096 4
1097 9
1098 1
1099 9
1100 6
1101 12
1102 4
1103 4
1104 4
1105 7
1106 11
1107 6
1108 4
1109 6
1110 9
1111 6
1112 1
1113 4
1114 12
1115 4
1116 6
1117 20
1118 6
1119 4
1120 17
1121 7
1122 9
1123 3
1124 4
1125 6
1126 3
1127 1
1128 7
1129 7
1130 3
1131 9
1132 7
1133 9
1134 6
1135 14
1136 4
1137 7
1138 7
1139 6
1140 1
1141 0
1142 4
1143 1
1144 3
1145 12
1146 7
1147 4
1148 3
1149 3
1150 3
1151 9
1152 9
1153 4
1154 6
1155 7
1156 1
1157 3
1158 6
1159 4
1160 4
1161 3
1162 3
1163 1
1164 1
1165 1
1166 6
1167 6
1168 9
1169 1
1170 3
1171 3
1172 3
1173 3
1174 6
1175 10
1176 0
1177 3
1178 4
1179 3
1180 1
1181 3
1182 0
1183 0
1184 3
1185 4
1186 3
1187 4
1188 7
1189 1
1190 1
1191 7
1192 6
1193 1
1194 6
1195 9
1196 1
1197 1
1198 1
1199 4
1200 1
1201 3
1202 7
1203 6
1204 7
1205 4
1206 1
1207 1
1208 3
1209 0
1210 4
1211 1
1212 0
1213 4
1214 6
1215 1
1216 6
1217 3
1218 3
1219 6
1220 1
1221 3
1222 3
1223 3
1224 3
1225 1
1226 3
1227 3
1228 3
1229 1
1230 0
1231 6
1232 0
1233 7
1234 0
1235 3
1236 1
1237 3
1238 3
1239 3
1240 1
1241 6
1242 1
1243 0
1244 1
1245 4
1246 0
1247 0
1248 1
1249 1
1250 0
1251 3
1252 3
1253 1
1254 4
1255 1
1256 4
1257 3
1258 0
1259 0
1260 1
1261 1
1262 1
1263 3
1264 3
1265 1
1266 1
1267 1
1268 1
1269 1
1270 0
1271 0
1272 3
1273 1
1274 1
1275 0
1276 1
1277 4
1278 0
1279 1
1280 3
1281 1
1282 0
1283 3
1284 3
1285 4
1286 1
1287 0
1288 1
1289 0
1290 0
1291 1
1292 1
1293 0
1294 0
1295 0
1296 4
1297 0
1298 0
1299 3
1300 0
1301 0
1302 0
1303 0
1304 1
1305 0
1306 0
1307 0
1308 0
1309 0
1310 1
1311 3
1312 1
1313 1
1314 3
1315 0
1316 0
1317 0
1318 0
1319 0
1320 3
1321 0
1322 0
1323 0
1324 0
1325 3
1326 3
1327 1
1328 0
1329 0
1330 0
1331 1
1332 0
1333 0
1334 0
1335 0
1336 1
1337 0
1338 0
1339 0
1340 0
1341 0
1342 0
1343 0
1344 1
1345 0
1346 0
1347 0
1348 0
1349 0
1350 0
1351 0
1352 0
1353 0
1354 0
1355 0
1356 0
1357 1
1358 0
1359 0
1360 0
1361 0
1362 0
1363 0
1364 34217
31250000
hot_count 25413220.766642
hot_req_count 172412462
tot_req_count 708190562
